6055
2554
6438
4837
4864
5537
3895
1975
7544
7691
1273
7861
4442
5118
3378
5847
458
6092
1187
2487
398
3602
5754
4970
393
1789
603
2908
5825
7493
3624
7507
2639
3833
2518
3485
1568
41
4913
2935
3924
888
6433
5302
3556
2062
6524
1028
1263
401
6599
2762
2169
2274
2572
5325
4947
4750
2938
3440
2983
708
3823
6578
1700
5779
5763
695
2966
4990
2992
343
2812
323
3556
983
7727
128
1098
614
5167
558
336
1422
6515
6128
2060
7601
6482
4767
4809
1572
6791
6017
5918
5120
6046
1969
7810
802
248
5386
677
1337
4941
5677
5694
974
6441
7383
2363
4508
2455
4452
4023
7483
2370
5274
2672
4674
244
5969
2526
3146
7685
4626
3234
4200
77
6501
4173
2605
7725
1116
6996
1610
2744
508
5862
2810
970
1098
306
3450
7063
2208
2170
4828
2891
5546
1114
7983
3838
634
2155
5408
2995
1706
3138
4187
4659
2729
2917
3205
3341
1006
3135
3129
401
7563
4610
6959
1580
5864
3864
861
5313
226
411
1728
6558
2267
911
397
4257
1352
6402
5981
3989
447
6315
7751
4366
1994
1449
1463
6272
7329
3462
1320
4680
2982
1186
7205
3789
1603
815
2188
1438
1289
2964
6430
7029
4582
5638
3328
1309
407
2609
4001
7692
2030
7563
879
226
5948
177
7336
3637
7917
4136
370
741
5352
1006
7902
4346
2979
3121
6978
1654
4234
5363
488
6568
4112
2622
991
100
3727
6322
7857
1898
5589
2608
337
2669
6887
5237
5144
4816
4553
3690
7519
5779
7643
3073
5246
7904
5549
6155
1374
6348
5731
1113
3543
6812
684
5470
3050
7087
2858
3469
514
6004
4363
2225
3385
5585
4889
6986
1010
6774
7038
5627
7853
4384
6355
2002
7450
6693
1111
4130
4717
1194
3765
142
3867
3634
4163
3228
3893
6067
1963
7033
2103
7578
5597
5083
6658
7810
1996
7596
4212
6601
2559
5344
4118
861
785
2474
6356
7312
4234
3016
4839
7272
255
3532
4766
4045
5881
6869
3712
4912
407
2474
6696
1201
5024
1672
7771
2821
1241
2440
1563
3645
3757
3617
7225
364
3680
2165
7264
360
2237
2354
2963
6810
1455
3046
6105
2340
3084
7478
3489
167
6293
4181
4761
1020
7526
4791
6929
4739
5926
7839
656
6102
2826
734
1684
6409
24
1894
1074
4495
1314
3489
5205
1516
168
6622
2862
3528
6429
2537
345
146
4292
1765
178
2707
4896
4155
1981
6399
1163
3732
3728
6363
6175
3758
6550
62
2577
4007
4583
3973
6212
5044
5579
2703
7714
1665
7377
5780
1286
1471
6669
1594
4535
7190
4381
7086
6279
7863
5379
2453
7129
2278
7013
4518
4025
3242
2695
2758
5645
16
6671
539
6383
1882
1636
7073
2030
3999
3945
3462
1120
67
4643
6471
3785
6086
4451
1712
5002
2893
7380
759
1510
6079
1027
2478
7633
4608
2614
2123
3167
2950
3460
7710
3955
758
787
2096
1963
3983
4342
2803
4858
6224
2507
4722
5423
1332
2499
137
7614
6391
6709
3837
7649
1773
3509
2918
6951
4507
842
1862
115
1613
313
1668
1037
617
2083
1829
3637
4888
975
2091
1606
5102
2125
7459
3842
4902
5513
1079
4017
7234
6222
6082
2799
830
6117
4964
3224
5685
2429
3097
3120
6043
3889
834
1678
81
4034
2608
1865
6581
551
5935
6020
5903
1294
2701
6469
7598
1677
3599
2896
2873
312
1111
6448
3267
5863
7022
6643
7621
1684
3843
2585
127
4383
4007
1842
701
5718
5954
5768
4401
7622
4801
3438
2192
1505
2923
2300
1585
26
306
4372
1840
2777
62
1899
3863
1595
6881
5802
79
2747
3608
7851
7771
5479
3328
1619
7753
2493
2245
5678
2612
5422
5162
3956
926
1899
3557
7443
3810
7095
5753
4419
3467
5636
3381
77
6954
4669
1391
5818
3766
3049
2451
2900
3275
3549
2113
3367
1358
7584
3274
789
2925
3873
5325
4940
7174
860
4586
1896
4101
2015
4968
5933
229
1454
5815
2709
1044
6528
199
7340
860
910
1063
4415
5037
893
277
3614
4930
5893
1933
462
812
3423
3954
5023
4914
67
7554
1942
1155
2510
7759
590
211
3815
3283
1018
1306
1319
6233
5427
3927
6129
2822
5908
2176
4996
4056
729
4435
12
5365
7489
1832
7878
6242
1130
3897
1194
7613
5040
1029
6004
3051
3772
390
6393
3337
2253
944
4002
2839
232
7974
7077
1910
4697
901
7313
1676
2909
1216
5852
4018
3915
1171
1416
7815
2894
873
480
1712
1844
2743
846
500
634
3430
1391
6799
4591
5684
3854
7855
6366
5716
1146
2033
3912
7790
2634
3704
2855
665
6797
174
329
1783
1339
7250
7256
5865
1081
5434
1402
1013
4820
6844
407
4948
4498
5673
358
99
4210
4078
1107
3734
4657
6584
1192
1575
1441
6001
2861
4566
7555
5279
2901
3405
3027
6997
7054
6637
3429
1229
4894
1981
1843
7883
6265
7818
6325
2160
2044
5195
3609
3070
5962
2321
6398
7004
6055
519
1010
3039
7985
3826
6046
6992
599
5550
1390
3391
5053
7261
6648
5035
4808
2333
1132
663
175
4225
5548
4421
1780
7509
1727
2951
2040
2354
364
4266
758
1680
3285
1061
4509
6953
5010
7289
6006
7671
2952
2532
2382
4455
5450
41
7492
3662
1956
4141
7460
5017
417
6001
2792
6701
3823
5413
746
5885
2547
87
2212
4540
2063
3719
735
7583
3824
1269
1961
1620
3071
272
5470
2147
2511
5117
7331
3153
1327
199
5457
3662
1723
3980
6622
1917
3572
2688
1008
7897
1275
2362
1242
6908
1739
4031
4525
2952
3391
738
6994
1959
2767
7494
4448
5563
1778
1942
80
2319
4311
2881
4897
3125
1781
1983
2136
3305
5736
1498
337
3130
4674
1127
1933
140
5787
4641
4087
2935
531
7763
1929
3917
5750
4251
1859
6027
1637
6210
3543
2170
3346
7172
5790
1677
1092
5735
1867
1793
4197
1586
3854
4244
3832
4517
2877
6000
1732
5380
2563
234
5567
933
3983
7744
6039
2610
1890
2307
3166
4928
2270
7452
2477
4913
4259
4744
2946
6111
1726
2035
483
47
730
4067
1060
3803
5528
4699
4408
6501
1612
4683
6227
6042
3473
7058
810
674
5300
2306
5340
2476
3275
1819
1988
5596
1770
2887
3351
2373
1260
3406
2716
7733
876
2266
680
3229
2800
4286
2258
639
206
5760
2985
353
3409
1388
2899
2651
4825
4794
540
3093
791
4251
2982
6187
3747
1503
2517
2266
3204
1113
3345
7532
6901
5302
3655
7899
2624
4778
364
4293
6647
4473
7740
1760
817
2054
578
1955
2069
4677
301
617
274
150
1676
133
6306
4728
1177
2287
4362
1096
1593
7768
438
2275
2497
5515
7048
725
6990
490
2469
6309
2847
2976
4439
1703
4764
5458
4334
2741
1204
7745
1615
775
5031
7430
1952
2483
3210
4654
938
418
698
4440
5023
3051
3883
6860
4225
6558
417
5550
3398
2164
4455
5477
4561
5083
7017
2154
3294
4331
4642
1397
1537
792
2732
1296
537
2095
7515
4150
2083
202
2837
2395
3087
6035
4738
2054
3555
304
5875
7003
5753
2589
6120
2110
348
7359
2331
1143
4071
809
6817
1430
7657
5725
2030
3868
4036
6977
7483
750
1508
7095
2776
6751
3955
3713
3765
7802
4439
7291
5632
6457
3528
5650
5109
3895
3268
7157
2158
7174
7664
5844
3789
5926
1876
4734
3635
7770
2245
3220
3200
1862
2741
4725
2639
1723
3280
6351
4350
1448
1870
2097
4476
1057
3479
7206
48
2792
3335
1743
2095
5792
7478
7138
5524
1431
3606
7146
4474
3787
2838
3910
4653
3030
5228
1041
1100
7602
1286
437
2579
3108
1842
4277
1947
4075
5038
567
7394
1180
795
4426
3231
6572
4578
5196
389
5871
6300
706
6034
701
216
7088
4460
6950
2811
397
1253
5564
2997
3693
707
1476
3435
323
1987
6319
3560
2061
923
4921
150
7485
3955
3264
3587
7516
6403
7658
2065
6474
787
433
990
6319
5594
3637
1295
2680
7458
2957
4860
2939
4777
5998
2488
1906
6682
3972
5285
654
6684
7968
1507
5542
5744
7768
6219
6133
3733
922
1657
3484
5102
3950
6290
271
3386
5970
5781
2498
6428
3982
4750
2738
4949
2045
5230
6146
7901
441
4249
6842
767
1048
4024
6612
1839
2746
1176
6617
5779
2633
5226
7715
3774
5117
4648
7716
4669
430
1023
5523
4273
5982
4801
7679
6138
7108
7454
7532
2592
1548
7016
83
2218
7564
3806
7998
1684
2077
3562
1208
1272
3297
5026
7668
2285
3914
4026
208
7076
4833
5927
7439
3945
4373
6615
3725
4445
1153
6209
6456
7845
4038
6901
671
369
1346
83
390
5351
4265
4244
2819
195
3593
4068
4148
3465
5620
5621
1561
3838
2565
6913
5480
7042
1320
6717
2247
6333
1201
3812
3525
3042
499
5715
6943
6545
2394
4832
3999
1208
1126
4025
5891
1799
1193
4442
964
2153
1037
5521
7641
7143
6356
599
3520
1361
1217
1943
481
4691
3547
2356
4343
1758
6561
3142
1533
5935
6602
609
4437
4205
5215
1819
3679
4087
6211
5214
6876
6643
7756
1518
4154
563
4796
6483
844
4396
5047
5668
6432
7175
3525
1038
1733
5378
1420
6987
2907
3275
5447
5710
7170
4682
3719
1283
1959
1671
4153
1470
3743
4542
2540
2244
7680
5000
2696
4934
2972
98
91
6227
6772
810
4389
1754
1079
450
6138
6034
6988
1147
1900
602
996
5914
7813
2944
4430
2268
5570
6589
5742
7285
6916
4954
2580
3946
4237
2726
1180
205
1918
6285
533
3276
2247
7703
135
2817
1037
522
7435
1145
605
7798
1431
621
914
740
4982
403
373
281
1835
4048
6932
1915
4212
646
5382
2813
3956
1265
463
4655
1541
6263
641
2506
6711
4305
2702
4739
7726
2596
4776
1128
1847
5251
2562
398
240
5183
3150
3213
2234
4601
4066
3103
4181
7223
3683
434
6316
4540
524
4855
2500
1559
350
4691
3013
7862
1115
4870
557
1506
874
524
6808
6625
1427
7323
7332
7413
4309
580
4297
6675
6713
7738
5851
7936
5271
3002
5093
5610
7795
7953
1508
1138
1201
6585
157
2360
5903
737
3839
3394
760
6769
6029
3770
5613
7104
4626
2008
7210
2272
2926
1252
1217
4150
1025
6854
2269
4008
541
4880
2933
1546
5178
3548
1267
1624
3630
1970
7650
7314
3296
1266
6247
3412
6358
5952
79
3689
5469
7922
7568
2650
4981
7199
3532
4048
674
7237
1104
3140
2799
2115
5304
410
3298
5338
5605
7473
5194
4856
244
514
2083
4861
6265
3511
6921
7554
865
1988
2122
1502
1549
917
4534
3528
6284
7609
6999
7029
1392
4608
275
3200
3897
3501
7724
4995
4347
7136
4567
2573
1056
456
7596
4503
7169
4120
2513
7744
4864
7468
3441
830
2844
79
2095
7416
6318
1207
1211
1296
2001
6635
5078
4515
6265
528
1449
7723
722
1939
5211
4544
7536
5345
1224
1395
606
7174
1289
5723
950
4108
5202
6581
5691
4468
5957
7173
7954
5866
4656
1193
3539
2565
6062
981
6526
6894
2494
7093
3177
1494
3372
993
3453
1263
1257
4545
1566
6795
3186
6261
1241
2776
4238
5303
2575
1363
462
709
3775
2666
6217
5093
5436
7978
1013
5538
6331
5089
394
2391
665
99
252
609
1584
5458
1925
4059
7899
4752
5682
4104
7368
4777
6219
3234
7872
4763
5716
1629
2943
930
1604
4202
1483
1228
6397
2251
7829
1902
4158
4152
4072
977
5451
7732
2279
4386
5579
6231
2924
7694
453
1833
6035
2895
952
1509
2670
6151
6939
1291
3450
2593
5817
1576
1149
778
47
7185
891
3277
3161
1558
3679
3228
1110
313
6528
3708
2676
6105
7951
97
1739
6059
7764
4297
2488
7
6105
3571
2487
5119
414
826
7542
960
977
4183
952
7579
1051
7605
2510
3212
3217
4231
193
2001
321
6632
2811
3671
6843
1995
298
6485
5785
6115
3066
1020
1719
778
929
3677
34
5826
5681
7501
5390
974
5080
4233
5095
5590
4848
7114
2705
3269
4413
245
1747
2561
465
1492
6088
776
4124
1026
3707
1406
5561
4855
869
5927
5026
1361
833
1384
7694
7404
3063
4660
891
6277
5984
5438
3947
1648
7840
7235
6623
3180
86
5758
7302
907
6716
4176
3016
3385
7083
1109
2857
2435
4678
7321
7215
2549
3073
1428
5306
7274
43
5328
2928
1774
1740
7901
1822
2389
2449
746
2155
7455
1171
6040
3938
1818
2242
1258
2477
3583
6269
774
383
315
5147
4965
6693
5604
7989
7332
1200
6502
1241
7543
6742
1763
5081
7820
3566
4031
1559
3015
1026
4261
456
535
3111
6773
2044
1997
2795
5446
4421
2158
6869
1655
961
2275
1645
4218
6982
2753
6422
3673
5997
3325
3482
918
6329
3441
3511
5283
2034
4377
7823
2090
6013
3005
2133
695
832
7507
2325
2193
1422
362
4655
3869
2211
52
6799
5350
2309
2687
6334
3422
714
3274
1240
6762
588
6561
6147
7660
2051
4659
151
6552
4101
4902
5843
4176
598
7323
2534
2803
2755
4324
2644
1332
4141
7510
5164
7861
7090
3054
3737
3774
5610
2130
3954
2168
905
3218
3135
5811
6886
3567
3255
3706
4857
5495
5575
2595
1053
286
1128
5736
2971
4539
3055
1167
833
6526
1658
6471
2318
365
5704
394
1549
5190
2096
2334
1565
5170
5528
1478
3161
3412
1312
4977
7714
737
1241
490
6804
5143
6160
2578
2591
2342
7874
4841
3994
2926
1062
3954
1591
2771
6587
7803
4185
4830
53
1126
5789
7787
450
1932
4068
6716
2387
5155
3105
3502
6048
1120
7811
6706
5958
4525
5077
2208
2499
4677
5933
1577
6523
252
6458
6875
2366
2649
3316
4131
5455
6561
2934
2172
4977
926
2849
6644
5945
5918
7967
517
2236
954
1347
838
7029
7257
295
6360
4920
2851
5074
2177
2872
113
2814
858
2243
3432
3164
7844
2678
2743
5276
3013
2261
3221
4791
5096
7883
6301
7541
7516
6203
3780
4479
3155
366
4261
1513
7161
2467
5204
7794
2685
936
110
4733
2945
1956
1352
5626
1630
116
382
401
1056
6774
7406
5999
7229
2610
5286
6770
3306
5660
5192
5375
1024
3897
7523
2427
3522
500
1895
5499
2797
1488
6745
5808
7435
5974
739
2225
6176
3587
3359
1969
3926
4157
5763
7347
60
927
1743
1086
3361
922
7317
4077
1472
6200
2465
4103
7046
5620
250
6708
3357
6921
2388
813
4485
4081
1199
1333
3352
930
2765
5918
3469
2477
3748
354
3715
7143
1006
2575
5483
5211
6874
7772
2088
164
648
4455
448
6823
112
4411
5918
5998
5850
3641
1798
7005
2920
4421
3644
2938
5928
6084
3021
2143
6925
5586
5387
330
582
1048
2438
7514
6703
5658
5808
7386
4286
5075
6866
1658
4613
6793
5049
4772
6347
4743
623
1862
370
356
1127
1378
2294
465
3838
6114
366
7274
3190
7045
7847
2712
1309
7891
5254
7083
1810
3425
5938
5336
2801
6016
1161
4506
5290
5683
3523
1711
5678
122
7604
4068
6326
5818
3233
884
7200
6872
7677
851
406
931
7744
1564
5424
399
5468
3584
3148
3918
903
7963
7798
7245
5972
4195
6930
1
3169
7406
7839
5840
325
6349
2029
1652
6163
6547
1472
7784
6320
7770
6671
7353
5372
54
5189
2769
1880
4288
425
2259
5606
1598
833
4552
2645
6149
4431
7676
2575
2810
1198
2824
2260
1419
5090
4151
2223
1647
5456
4747
3719
6047
272
4330
6340
2967
6543
5777
3782
254
3756
6373
5274
626
3247
487
7520
2738
6893
4305
2956
5646
826
246
4760
1097
4456
7098
3017
5592
4916
3692
147
5970
1400
5581
5223
3803
3556
3596
1251
2939
5371
7033
1463
7499
2583
2989
5647
3118
3305
1753
1076
4102
6822
6059
3268
5627
7374
7531
4050
7560
1778
1767
4125
1652
5004
6577
3636
2111
256
7040
6265
2247
3828
2215
3187
1692
7361
2338
1601
1346
3232
2501
3117
3430
2361
7527
2173
7731
3578
6987
310
7797
4244
6946
455
1568
6185
1414
2640
7962
7334
1644
432
3994
223
5649
412
6986
673
6091
4397
2508
4139
5140
5439
5713
7312
3507
3893
5158
3539
5392
3269
5900
3155
1601
5223
5706
161
7723
7582
1179
6444
5127
3760
1521
6535
4924
6530
6267
1142
1071
762
6220
2793
1396
1503
4883
7921
891
420
5725
2141
3663
4389
3089
6113
456
7578
3767
2845
51
5095
2796
2435
7503
947
5324
2574
7904
1120
5245
4204
7055
3160
1877
7215
5056
5183
6697
6794
6473
6931
1272
3791
2783
112
7961
2381
4863
4670
5564
2607
6695
2130
2764
2393
6299
1762
1065
4509
3972
500
5810
6099
1641
1301
7611
3748
139
1313
72
6695
4489
1972
1968
1611
7403
414
942
5660
712
3214
2590
4934
6686
7850
1155
3207
2891
6244
5270
4540
609
7074
1428
1187
7080
740
2850
7934
6641
5322
7200
4856
1929
3307
4077
4271
2288
2327
390
3299
4006
5482
3290
2070
281
3670
1582
813
403
3910
7437
769
698
3373
6947
848
5858
3956
2330
2455
7415
2215
996
4654
6881
2678
941
4600
3683
7175
6147
3897
4193
1054
684
3027
5275
148
3862
5477
757
5703
573
3242
167
7296
649
3526
6560
6065
5598
7606
7773
1550
27
5356
701
4604
4535
5346
2689
1871
2967
162
516
188
1684
4781
3238
3230
1936
658
2265
2059
2082
6727
4248
1205
5378
1732
2308
39
6232
7478
2466
1350
488
3431
5845
1916
1589
2365
5830
3425
3463
4875
490
868
942
248
7533
4882
2619
5039
3169
5225
7600
4474
6564
367
210
1239
68
2916
2437
4149
6499
2228
1570
5462
4038
3535
1136
3134
5884
5563
6619
6750
5758
60
3577
1071
5224
5570
6932
2646
7187
6789
5321
4098
7400
156
7806
1317
31
3687
2997
3078
1697
1111
2441
3017
6433
1325
3426
2760
4099
7916
817
6328
4858
4387
5794
2627
7475
7699
5160
2469
3574
1891
4152
5590
601
2889
4902
5409
1280
5748
6191
1928
5702
1117
4609
1159
6811
4418
6337
7844
1483
5223
4274
6347
370
6960
4411
3713
279
1158
733
5941
2205
2230
345
4618
701
2467
1128
6129
239
4833
3616
5104
5591
1972
3083
441
5287
7507
6923
2076
6743
4773
4452
7347
3001
5769
778
3728
6325
3068
373
6133
4711
5727
6397
3703
826
7124
3631
1080
1542
3126
5447
4603
7294
4192
6054
5429
5999
1661
7766
2284
7245
7623
1288
6090
4902
2126
6412
2907
3307
273
4488
4763
2648
3972
553
238
210
7969
628
958
3095
7537
3897
167
966
2452
3504
4916
564
166
5857
7858
2208
4136
1802
6935
1517
4881
1780
7076
6038
893
3927
5951
1656
4021
1871
922
6635
2353
6006
3316
1798
5581
2775
7758
1985
2381
5354
306
1015
489
5767
2555
4523
6314
3553
1463
632
6728
5249
1864
6239
2527
2059
1588
2550
1936
410
3726
7888
2675
7545
2706
2505
5177
5718
6210
5414
4950
6086
867
7915
7990
1247
5852
2272
6201
6077
163
1601
6999
5965
672
1151
6378
1704
6057
2823
4129
5699
1992
2213
3880
1246
7930
3977
6349
2190
6596
2612
762
1961
1064
2923
6306
7842
2531
1911
2639
3549
5864
6218
5217
5184
6895
2897
7056
5438
5997
2055
1499
2183
5901
3269
6304
6882
5184
7134
2218
3071
1916
797
7006
7470
5962
3731
3426
4488
7606
7747
578
1233
2025
1976
7370
5023
4176
3743
1049
1607
1957
4703
4373
1253
3748
5600
704
4502
93
1563
6667
4020
3534
2856
6754
5706
5298
1173
4947
5126
1432
1766
2853
2122
6764
1396
4302
7978
2649
7341
1701
4432
6613
4101
16
5509
3184
7609
3633
3157
3483
2715
4605
2942
1254
5392
1394
6722
2145
5565
1188
5688
3670
6588
643
3441
1253
3354
1265
4774
2127
2972
6790
1361
164
3400
4145
1516
1091
5769
5726
2535
3513
4076
1055
7778
3410
4211
5834
4303
2425
6120
5388
3407
808
741
6908
271
6842
7294
5513
5522
1866
7104
4605
1866
6761
7769
5424
2159
3161
4118
7499
5155
3103
5588
4537
5589
2067
377
7699
7578
4972
3669
852
3418
3936
1711
6939
39
7269
1974
7674
3342
5010
552
7144
7571
818
1058
3360
1406
1073
6842
7176
2249
4969
5792
6763
5453
5220
3392
3174
6576
5327
2175
691
4971
2947
3008
3985
7747
1149
766
2941
1952
4084
6135
4009
4360
3345
597
7632
59
2149
6878
4130
6258
2716
3597
3097
3770
6064
1948
4844
5697
1868
3758
7523
6674
3959
1964
6846
491
7746
1738
6660
3771
1467
2888
6521
4842
2437
3979
3768
5668
7469
4427
4833
5427
3999
2836
1261
6495
6822
2146
3317
1370
35
5482
7319
7373
7994
4461
2131
6593
7064
1166
3387
3401
701
2031
5807
1925
1797
2285
3111
232
5948
7409
2718
2817
515
7133
5361
3321
5318
514
4284
3473
3543
5445
1052
1506
6813
5319
2523
3994
7863
2901
5779
1229
2717
397
2646
1756
5122
3289
2975
7049
710
7175
1856
7013
4414
1080
275
2710
5375
5678
4132
7995
651
4698
373
4361
2012
7233
1193
74
632
5974
5956
1325
755
6476
5379
4763
7528
7493
2217
6509
7817
711
5105
931
7410
4172
7896
1333
2984
4867
5209
4309
5938
1208
2099
2544
5550
2054
1333
4463
6436
5246
1171
6643
1464
6596
1634
2638
5356
6831
5473
5872
3741
21
808
5567
4719
6267
7219
4122
835
2029
43
2722
6884
7328
5810
3064
358
4283
4358
7424
4390
5752
6398
30
6417
6221
1173
6275
3347
1738
3092
2939
7610
308
5426
6664
529
5238
7349
2969
1695
4392
651
2465
356
5309
7100
107
2096
7163
5064
2373
2856
1343
1095
5065
4046
4346
5182
6531
2659
3867
6898
4338
4858
3123
7443
7114
425
3329
1999
6165
2143
3765
6836
4067
7368
3994
6622
361
1963
7676
1664
6556
3912
3992
2999
2603
739
262
1763
6617
1318
5264
4033
1149
3709
3046
4940
6601
5718
3953
3089
780
873
2219
2036
5803
3697
5993
5550
343
1222
6475
2441
5823
6415
4432
2599
6015
6119
4001
4378
7705
2745
3185
249
419
4697
1379
3262
6251
1367
806
2370
2123
2206
1378
6372
5742
4957
2995
3274
2956
3501
6575
1085
2809
5997
3617
3408
7605
4094
5853
7376
2609
684
2363
4075
2735
2766
4713
6505
7581
305
4009
2760
5028
2069
1715
150
733
390
2207
7677
7575
6146
5317
4714
2351
5702
2607
7172
1327
1400
4395
1276
6532
204
2121
7031
5529
6399
1572
6297
5963
5259
1567
4023
4061
7914
2048
1032
6032
4316
1425
1425
7503
1391
634
2388
2034
4472
3073
2092
6582
5248
4112
2630
3317
5607
7681
62
911
6472
846
5342
531
7479
3756
6892
5814
33
6038
5821
7360
512
1471
1710
7119
7856
537
584
1418
4924
3880
5971
2306
4354
1346
4895
2143
1565
4986
6206
3774
5901
5544
7344
453
5491
2892
610
174
1618
2839
3662
448
1085
6844
1695
2648
659
3675
7582
6634
7767
3687
3385
3846
814
2459
4302
5882
7451
3962
7573
6455
555
5169
7108
5966
311
4060
6
5528
726
1229
6434
6218
6352
4158
6359
2809
5927
4176
4393
1306
7795
2863
5066
777
5083
1436
753
6187
978
2546
7340
849
6694
946
687
5233
2095
6981
710
5168
3548
4237
7348
1455
6284
7891
2174
3393
7048
4273
7832
3954
500
4493
5767
4609
4103
4581
2054
1661
2093
1372
2647
6528
7972
2210
493
629
5867
713
3457
4285
7594
3886
6815
7858
7444
943
737
7025
5444
2301
5778
1356
5271
4683
5881
472
6999
7093
3470
928
6051
1380
498
6736
3427
4080
4234
4796
4382
542
7034
5602
5742
2264
5802
2171
7020
4112
1490
7311
219
739
2409
7493
6546
4405
4910
1729
3435
4460
3682
6642
1719
4366
5431
7977
541
752
6595
382
5838
7786
114
1393
453
1437
4608
5812
3999
1221
2119
6086
3695
3849
110
1213
4382
2974
1840
5179
1600
192
1331
5507
7327
3657
1363
1627
7638
2659
4271
5715
4008
3164
3781
716
608
6593
7087
3894
3800
6316
392
3908
4908
1660
1030
2280
4947
5969
5709
1928
4478
5086
3759
7571
2848
3956
7338
4951
6459
6989
5372
6486
3264
1877
1527
4605
3166
3547
6020
5439
5278
3753
7538
358
4110
2993
3010
5949
2188
2652
6669
1907
2711
4385
5369
1845
7103
4178
6087
7071
7788
6756
5017
4710
3145
327
116
1809
1240
3608
4221
2034
7296
7070
3749
675
3215
3443
2305
3547
5386
2295
2605
3139
3167
918
2713
5145
892
4192
7263
4887
3343
5427
4704
5247
2969
1184
2943
4672
1560
1534
414
7190
2282
1926
4836
1356
6635
6824
7043
7878
5953
1881
6278
7036
2447
7982
6195
7999
130
7350
7363
3273
7594
4110
1247
995
378
4299
5623
529
2272
2440
159
6980
1267
4969
6089
3099
7456
2484
2552
3570
995
2942
2535
127
4847
1919
2000
2773
2126
6659
6433
7144
1877
6106
3354
1630
7833
5337
2780
4818
7780
2139
3687
6896
4123
5627
3096
295
862
403
4316
3372
4160
6721
5636
7229
2019
241
5933
2891
6437
1878
5999
4462
7048
6471
7144
1461
524
5362
6654
950
5835
5063
980
1860
4783
4608
1498
970
6900
7683
6154
283
2123
567
6815
7385
1460
5062
5834
2523
768
7597
7294
3897
3938
3044
7150
4225
7952
2547
5527
112
660
1091
7462
3109
3960
2483
5984
2576
5018
6733
5737
409
5176
7044
4632
4099
397
5027
4182
5778
5562
3883
6374
5574
1643
7906
7430
7654
4437
2065
955
7097
0
42
6955
3805
4873
5457
7129
2423
7695
3474
7575
5417
578
2296
5037
6233
6552
3789
1174
6643
1037
1141
6958
1115
313
3664
2621
2838
4840
5486
1514
767
3758
236
6052
6789
308
1255
4827
6639
6041
3849
2565
3230
5635
3619
1137
3436
3552
1121
285
6542
5033
192
4228
6491
6536
2370
1561
605
3279
1884
149
3173
2153
5241
5776
5656
443
3989
7238
296
4106
1933
3015
1463
1576
3228
6060
6335
5943
6221
3786
1539
2711
7551
4589
1789
7023
4564
7986
7754
4006
7771
1854
1035
6481
5451
2456
4437
758
3541
6250
3692
7717
3039
637
1088
2132
7807
2117
2800
1890
1298
2495
4766
7570
1590
2585
3718
7465
4787
4744
4200
4309
1004
463
1156
7836
12
6941
621
1447
2741
312
949
2508
977
2639
113
4757
4617
1167
2625
509
4871
84
1311
7416
4240
3588
7384
4760
5617
2416
7894
6445
2165
4136
3813
1102
1275
3475
1259
2381
4073
2352
3406
2623
1420
7105
451
2429
3130
7103
3264
2814
2508
653
1108
3942
6410
396
6857
5222
4742
3936
6617
6839
3284
6318
2206
1890
2520
7031
111
877
7193
491
5204
7219
3667
898
824
2429
452
5937
3188
1420
159
3170
7598
157
6215
2342
5926
6897
6185
6832
2207
7296
578
441
7261
5201
6187
787
906
666
2518
5915
4377
1871
3924
1401
4754
6668
7297
1688
5729
261
5079
2823
510
5796
7792
7586
7164
1169
3049
1478
7620
550
814
1802
7188
5405
433
7610
775
7569
3077
6097
4680
2778
1301
7936
5934
622
213
427
3831
4869
3912
5598
5158
6481
4293
6552
253
2275
155
5436
5082
4772
7677
5348
2881
1659
7529
3097
4457
3319
6170
7217
1793
5986
170
5388
375
2487
5115
377
7844
4454
3057
6149
7325
6878
2731
3116
4413
5637
909
2362
1611
6491
2086
7334
4295
601
4795
1779
1275
7935
5379
358
356
972
1175
471
6734
3924
5161
2863
4603
3036
266
4375
1098
1279
2715
1637
1854
807
5558
160
6165
6829
5841
6443
6244
3715
1346
1259
4690
643
7013
6920
4152
7300
119
5806
5876
1110
5441
5352
4576
502
3867
1038
6106
6421
6619
5558
5486
1725
304
1673
7153
4368
5721
4167
2854
3729
3550
1034
6884
5719
2750
3278
4147
6900
5069
7136
2691
539
5397
3086
3722
7662
3779
6749
922
303
7927
3605
557
5485
2048
5647
1430
6764
52
7788
1118
5953
5741
7792
6301
2364
2427
6319
3272
1752
1191
7269
5061
7132
6560
2492
4435
689
32
5746
4481
614
6836
7883
5105
3120
4548
6912
3879
4453
2689
7374
2623
837
7756
1913
1139
5211
4428
89
3545
7234
7343
2678
4597
6677
3336
1998
1648
508
1098
4788
966
2921
3187
4058
1921
1905
3087
4434
4779
6227
2002
2344
6252
7769
1078
4634
3988
3605
3781
6764
4080
2060
7693
6765
4999
5164
5320
5943
7122
90
911
1288
7698
5203
497
7939
260
4656
4216
1551
795
5750
7411
4130
2227
6182
1271
4351
147
1714
2273
3059
1489
3063
7242
1163
6324
6697
6362
1145
8
7541
3468
4944
3451
573
7931
7890
210
3757
5004
7904
6521
175
7401
6067
1771
2220
501
7825
1349
1775
5689
6606
1812
7931
3255
3578
3753
2125
1677
4458
5680
4317
4174
2949
2206
7960
6279
274
4704
2311
2955
2748
1832
7520
6284
7147
530
1602
6546
3040
253
797
5564
6023
413
957
394
7502
7768
5112
2189
5305
2076
6270
3164
5846
4065
3546
6711
3212
344
1020
694
7626
2629
639
2877
5139
2326
1328
5022
860
3845
2589
6957
7081
1016
5922
686
3885
5554
5447
2825
7748
7344
6840
860
907
661
4669
1544
2217
6197
5995
488
2034
798
2079
3195
4080
7593
1926
1597
3342
7203
7862
1266
7359
5369
1327
4360
2293
6890
2105
3727
7122
668
3413
4671
3424
4854
918
3351
666
1431
2251
4971
6124
1170
1754
1622
2629
3826
6904
3854
48
7853
1257
474
1327
4999
824
5875
1799
715
163
1670
4804
1567
7976
477
7057
4850
6194
651
6621
148
6329
879
1893
4589
5869
6206
1580
7556
888
4289
1461
3087
2919
4922
693
349
514
2042
4298
3768
1897
7783
1147
2141
4365
6855
1118
6738
682
6361
4672
729
2377
7201
4937
430
7464
1122
1540
3889
2289
4911
2798
889
853
3391
3964
7162
7632
6945
5326
3296
4740
4266
4250
2728
3656
3911
5410
5044
4706
1859
4776
5742
2227
2328
2484
7982
7054
5170
4554
2018
5327
4596
1170
5185
5025
2058
6610
5332
5267
2593
4581
783
1887
5574
2763
2345
7104
3012
3396
1754
5464
7957
5647
3065
3571
6863
7783
250
6177
4720
7012
4102
5984
4522
3962
4857
1327
13
363
6156
3766
7635
4787
2950
7273
3296
2734
6844
7526
7494
2138
1037
2190
6422
7062
7428
6809
4594
7972
2771
3520
6296
2257
7429
4140
816
7724
4914
7179
6722
7022
6526
4021
6878
4405
741
6098
4588
4231
4334
7130
628
6552
4805
5714
5372
80
3928
6316
2245
6873
6613
7014
5232
3908
4293
80
1734
4040
5527
830
5720
1655
3253
5084
2751
1762
6053
2573
2241
7543
2369
299
1770
834
1302
1334
2415
5397
6423
6949
7755
4813
4512
7643
5943
7610
5841
5824
2427
4765
5366
2887
1529
6648
1379
170
1343
4302
3417
842
86
2635
3993
2959
1401
2444
4100
1869
7722
4924
5174
3924
5893
6951
7337
258
3638
5751
5987
4378
7222
6815
4938
2772
4494
6448
3817
234
6828
1651
7733
7707
7784
6550
5380
1255
5913
4192
3659
367
2279
299
2298
4171
78
5089
5022
2358
3731
5345
7651
2259
2611
2890
2340
4178
4093
816
1241
279
7011
2151
6323
6996
2379
3070
7867
7265
2521
7501
5371
6879
6866
6282
7868
21
3293
6659
6708
6269
43
1879
7356
4903
2078
6925
7167
3646
3354
1084
7607
6481
5508
6673
4016
1942
3513
3522
735
2992
7999
7996
2768
55
5059
3421
2081
926
4559
6056
5088
7674
7916
5797
522
4214
1767
5459
1047
6796
3827
6608
1463
5271
2913
6959
4599
5703
2171
1459
233
331
3164
7758
2909
6060
5863
7196
4147
3511
6732
242
2217
49
5212
3397
4972
6630
6775
2641
4083
2687
3011
2384
5623
138
1547
447
5256
2952
47
4093
6061
7669
1279
2473
2268
5917
2016
6958
3322
5468
3418
601
6380
5199
272
4510
3105
7313
452
639
213
4569
5346
7878
155
3029
5067
6755
7520
3721
3194
2917
2280
4147
6137
6230
661
2992
627
505
2541
6114
3635
4146
6354
3101
1876
4015
5623
591
792
3055
2804
1574
3244
2715
6217
4678
2932
4046
3969
3518
5110
1552
5730
5656
887
7831
5657
4413
3867
6802
2597
925
1140
5339
2747
4150
2973
4225
5101
2511
1204
4833
2543
1750
6482
4561
1549
3599
6433
6773
2900
2893
6508
619
2325
2611
2855
3635
6925
4721
4342
5080
6558
5073
7484
3861
882
280
1703
7117
3432
290
5874
2392
5821
7490
124
7552
6219
649
3459
4044
5314
6257
2249
612
535
3367
6285
1128
5035
5741
6854
6325
7685
1367
7403
3190
1271
7838
6287
1701
3896
3792
6920
3998
3391
2288
7475
7337
96
2639
1891
7362
4618
4679
1362
6147
3858
2310
149
6355
554
269
3711
7496
2328
2246
4932
3508
1496
7862
4687
3006
3275
2401
3783
950
2792
6897
7036
348
2913
1987
2745
1533
1473
67
4304
5863
4205
1042
7425
2715
3670
3159
3195
5719
186
288
6523
3747
3382
253
2021
3066
4163
1467
1343
1211
1052
317
2904
3861
3282
6961
6316
2275
2107
1768
2579
3821
6247
6764
2208
6800
634
1716
6336
2049
7192
4466
7119
6033
2422
203
6666
4183
1461
3519
2368
2656
2219
7512
2544
7492
1227
3723
4771
4357
639
4999
214
6834
341
6975
127
2559
427
3606
5101
2647
6053
2706
7121
6873
5043
130
5901
2910
5962
4460
2480
6717
2382
4292
6650
3421
6557
7775
3698
5275
1541
6926
6819
2644
7161
800
2810
160
4531
5345
625
6655
4872
3596
1906
2522
770
550
2863
4952
3328
4862
6135
1848
3126
3343
106
6534
6527
3627
7846
5025
6596
7787
7694
2895
2238
1861
3292
917
7316
3443
6424
6819
2488
2716
5165
4052
774
3423
591
6556
5679
4694
801
1843
4355
5729
3347
3087
463
5725
5448
880
446
5771
6596
992
2227
7748
4616
7890
6096
4730
1594
3583
1363
7677
4747
5977
3031
7286
4821
6359
7346
1197
1692
5773
6592
6476
2982
351
7973
2654
2287
6179
1829
2134
2125
3943
6494
6232
4966
5733
7986
5755
5481
4368
6907
2606
4300
3527
7531
1377
139
6200
6033
2004
5459
971
438
2276
462
5799
1268
7273
3016
3625
5039
5335
3340
5791
2928
6325
2779
3708
3980
4819
6907
3499
2481
629
3615
2215
4028
7351
3832
1380
651
1950
645
5990
2301
5500
3998
5236
5209
6004
2013
5045
7508
7524
2946
6170
390
3233
3355
4249
5140
5417
6724
133
4409
4662
2571
2190
6612
6505
6681
74
7354
1817
2459
3319
751
3754
4892
5058
7898
3136
5338
6659
3039
5214
138
579
173
790
7940
1073
1472
2638
5388
1304
3600
6026
7984
2976
4676
4443
7686
5327
6630
341
2861
5333
2978
890
1276
6879
1764
639
3338
1494
574
687
6869
2531
4705
7375
6214
7206
6290
3857
6699
566
578
6834
824
3695
713
785
7165
5486
3319
6458
1587
4543
2153
5389
94
2681
2759
4654
4929
1104
4202
3809
1240
2041
2467
5056
6355
4784
4921
4235
4580
564
7186
4519
3581
7168
6728
3053
3997
5206
7982
2314
5978
4556
5515
4100
1592
3149
1747
4165
592
7493
6652
1850
2290
6154
7074
3065
5656
3796
6498
3208
3892
1559
1637
121
1376
7258
3793
7159
3558
6373
4853
7812
5946
7492
2702
187
1412
4001
4287
6348
4609
922
4670
7901
2734
7155
256
3710
5007
4945
5053
6942
1352
3102
2910
812
5246
5698
284
7334
3156
3602
4674
3958
6984
1352
167
2156
1645
3720
2518
2333
3528
7374
5785
6112
4461
4895
7967
7986
5873
6419
2021
394
4519
3029
1314
2494
1581
1940
7019
895
3834
1011
1058
4353
1040
554
4216
532
96
7026
5691
1743
7852
3981
4347
5648
3100
0
5331
3213
141
2654
350
5384
1858
4309
3739
2903
3765
4855
1143
7868
2571
7234
3260
2375
4187
2095
981
7841
7684
7627
7745
5972
544
3139
2468
2667
474
4111
2032
4191
3109
2710
5690
2508
3378
5285
5740
4575
7018
2805
406
482
6049
687
1267
371
4210
5349
6360
5102
4859
1024
6021
2757
6545
2005
5987
301
6631
3721
1199
1568
4472
3385
4979
4214
6825
531
85
711
7192
3586
7902
3085
269
5690
7836
5418
7054
4357
5316
4549
2621
5858
2561
2099
1386
5543
6745
4619
4545
496
6449
739
4259
270
5120
1864
7333
6082
2258
5953
1114
2563
2595
4660
1361
155
4317
386
5831
5721
2418
7448
4485
806
2401
5109
7999
6986
6338
3811
4825
3457
4975
4530
7449
1084
3306
4190
6365
4861
5666
2344
5005
4171
4908
4944
2386
6110
5783
3203
643
418
6573
4562
3855
91
2370
1449
984
622
3700
6538
5898
3701
624
5440
7103
1365
2744
3626
7052
5202
7717
6276
7764
1020
3476
4571
3435
1935
5769
4328
1309
4608
5410
7027
7337
5426
1899
4252
7965
4921
4664
668
2131
5608
4155
7559
2933
6637
4792
6674
7065
7362
5216
5509
5162
5292
4901
1057
6808
7002
7613
829
3502
3606
5884
2100
4905
6354
3194
1746
4518
3628
6225
2051
4167
964
2460
1192
5295
2086
3933
5514
2901
5526
5578
5611
1373
1818
2466
377
3469
7530
5142
7021
6765
2798
1305
7244
341
918
3251
7294
3231
3384
7043
6061
5596
4390
2443
7026
3171
190
5169
5420
4503
1324
2583
4586
713
5284
4836
5801
2529
939
3013
5009
4516
1892
2724
7839
2174
4392
5482
3040
6180
4571
2603
2217
394
7174
4395
1796
3041
2491
272
2560
7907
1254
3901
4421
5428
5547
331
4267
1746
5751
2325
2956
4838
420
6405
6190
6081
2619
327
7995
632
7793
3739
2610
4303
1471
5152
5118
4857
4816
5396
6660
83
111
3071
6938
6865
4768
5824
3316
2108
510
7712
735
7002
7149
370
3088
839
3793
2599
6057
3794
1335
7218
778
3468
7945
1876
392
4494
544
707
425
4408
1854
5797
7416
1228
6027
2001
62
3738
5200
5710
661
981
2804
1379
405
211
1385
1542
42
1847
4031
367
4237
2
6078
3160
6987
325
4663
2733
4469
2121
6993
5247
6152
1200
3167
2048
6586
2029
3888
5569
1228
5913
4081
5090
1950
2062
3787
4255
3888
3513
5718
6902
569
2691
472
6821
2782
1338
3714
3562
2581
1697
6640
4508
4409
88
1537
7310
2003
4084
3276
7387
2535
5731
4368
813
500
3372
6783
4878
5447
5964
787
6957
129
2111
6411
5770
7656
4977
6711
4097
252
2992
3046
5305
661
2159
84
2845
3632
3536
5977
2119
3467
7450
2298
46
5326
2363
7244
675
3699
5874
3660
3788
5525
7745
2737
6279
5351
2773
2380
5898
7185
1856
2605
4397
6114
4005
2564
7069
1286
423
5629
4591
1143
990
2731
5719
5558
7426
1576
1317
1516
1274
3756
2641
6452
2574
7541
244
5106
7162
2269
1925
6624
4299
3746
3420
2666
6796
1330
7555
1847
3773
6731
808
11
5863
5364
4899
1593
1499
4543
5105
4058
442
4019
5700
4197
4600
7808
4231
3700
262
3866
425
6762
4863
7886
5343
5751
5087
21
1394
5172
4192
7262
2271
1398
5297
7684
802
5007
929
2058
6573
661
693
842
2916
6168
2366
6118
1997
7217
5939
4161
4657
822
4989
4352
6479
2842
4012
581
4892
3169
2947
1101
5215
5974
5662
7768
5341
4546
4247
5679
6285
3387
319
5859
6381
645
6855
5678
3636
7508
5622
7787
4549
4103
3982
190
5760
5315
6253
4720
7121
5462
4812
2266
3614
5846
481
4202
901
5951
2826
1955
7011
1770
7035
7587
405
7471
5090
2813
347
2780
4271
5902
994
898
3339
2479
5781
4700
2289
5090
5300
511
4769
4910
2692
1692
1660
4181
2281
5659
5319
6736
2469
4230
1566
5413
5838
1084
4064
2615
3175
1984
5271
6583
6889
7622
4644
604
6719
6298
5036
6212
7904
7807
2114
3074
3425
6148
5101
6423
6136
4715
2981
1220
4459
6109
3291
5411
4114
3145
1624
945
2190
3373
7538
3415
4725
4803
7143
3965
7788
1713
4234
1093
1574
3683
292
5370
1740
6028
5015
5807
6949
145
728
7613
7640
2897
2710
894
881
2991
3339
92
1961
2488
2781
738
5341
783
7653
768
5611
2156
5455
7803
2256
785
5040
3572
1682
5137
368
3038
276
3521
2803
4263
7865
514
4937
5711
460
6472
2653
2454
4162
6126
4969
1087
5250
2715
1320
632
4531
470
5639
3661
7383
2719
2078
4501
4937
4911
1390
2000
3870
626
3459
5506
2764
1629
3420
6107
1281
1486
1727
5034
1970
5594
2217
3993
1160
1180
3372
7448
6521
6386
2485
7602
3138
2134
4728
5905
2534
4285
2447
7343
1530
1586
4621
5887
4464
6221
5687
5676
3613
514
7056
5721
7898
6732
4964
2886
3831
1875
1861
3241
1628
4529
3663
3830
4705
5937
6468
5806
1829
4330
3164
5776
938
2982
7030
5684
4755
1473
2518
3749
1906
2151
5131
3548
4671
1778
6557
3072
3280
5307
5669
55
6603
383
2553
2783
1628
3484
1895
3141
2357
4582
6385
3395
277
4443
5997
1029
6805
5058
2694
2756
7598
5201
6052
5235
3912
7384
642
4615
4923
7255
5088
5381
3047
5601
1729
7560
380
2624
7138
7895
1241
2058
6460
7065
1812
158
3772
7887
3224
6271
239
4662
4188
3926
5804
5440
6010
3002
2708
1549
1582
4082
1131
1066
848
6447
945
6944
5285
820
6674
3207
3627
6545
6263
1196
840
7979
474
7604
2781
1507
2190
6688
5111
451
7702
2473
4674
7087
6098
6036
7894
6297
580
4161
7473
3968
6047
132
6816
1791
1173
3791
728
314
3991
4147
4168
6249
293
4151
2670
425
1475
4163
7289
5111
6801
7214
7352
3536
1286
7152
6222
2075
6138
2774
6886
5003
1042
844
2113
4075
5135
144
3493
6971
1094
6475
965
2732
733
4112
779
464
5960
828
3145
7529
2370
372
2838
4927
3989
2512
2219
2205
444
7017
898
2154
2204
540
1582
4437
3468
1218
1603
4312
2626
465
7180
2668
1951
4109
3370
4483
5797
1879
1416
1885
5230
3768
4323
7367
3668
7704
7326
5495
7863
3840
7539
2190
4967
7781
3091
3758
2568
7139
211
449
5161
905
4741
3796
3254
6645
1801
4060
1270
7127
5210
3527
5188
1503
4208
6691
1274
4887
7907
6395
2212
2410
6071
2021
3243
3544
6412
3145
4662
5973
7322
2357
5056
1398
4560
5910
7436
5308
5939
3992
94
2750
3783
1851
1841
3538
3411
930
605
501
7181
7180
4073
4167
7796
1955
2464
5321
5972
5985
4156
130
7605
7275
6052
5497
5359
5796
4739
1755
2844
2374
5451
4956
2042
203
5899
1031
1249
2715
3708
5364
4697
7649
7580
2074
7315
7364
6404
5506
6986
3472
5242
7786
4385
4493
5338
6373
7413
2377
6555
7415
3426
2681
4769
2057
4122
188
4383
2082
5215
6316
4834
990
6301
2550
5202
3455
2505
2656
788
5211
1780
1573
6894
6957
789
2323
5971
3546
7674
854
4671
4143
363
5289
6599
3570
1621
4739
1724
5199
336
7492
2079
7193
6050
7543
1756
6305
3384
4087
866
5756
5170
1595
4292
892
7586
4274
3980
1226
5366
5844
4271
7897
2899
4550
1854
2796
4673
531
2062
1118
5234
2214
6695
7808
6004
2199
6484
4000
332
2871
7972
7216
7581
2415
214
3487
2708
2073
5163
1685
2813
4620
7116
4045
3614
4890
6868
921
2109
6158
2701
5910
227
5236
4079
5439
3919
3306
7486
6875
4897
7610
701
3077
3931
6302
4174
4609
7048
2570
5848
2724
5304
3124
3970
1942
3836
25
5539
4175
7217
3173
1641
7113
3677
7716
415
7379
162
3488
6019
7425
7727
435
3060
2614
1589
5751
4757
109
4464
3528
2482
6488
4068
4023
16
3758
7470
5377
3228
6545
2908
1690
3527
1513
1503
4854
7181
2818
2047
7564
2375
7713
6801
3506
3573
60
1227
1687
4182
7231
4461
2126
1975
6133
2712
6247
6495
7077
3620
7375
6558
2384
5136
5144
1148
3806
375
7737
7499
3834
7166
2864
7261
1442
5188
2030
6309
633
3965
1809
5935
842
6173
3447
299
3885
7285
873
1565
2091
4193
7573
1347
536
893
2947
2747
38
5045
4433
1128
6713
1813
3473
3260
6693
3010
1769
4655
5534
2019
1939
1269
2908
1071
7802
4071
115
5490
1330
7342
2928
2927
721
5939
1812
889
3566
948
3620
3986
157
5848
3379
462
5857
4899
2766
1999
874
1621
3071
5828
866
2201
395
5629
3044
2478
5000
1334
7583
4153
263
2615
7192
4702
2387
2223
3034
381
2686
3565
7077
6295
5780
356
2848
5559
149
1836
7672
6762
3206
2173
3401
1982
7277
8
4114
4956
1942
7507
489
7800
1918
5503
7184
696
815
5016
5481
4609
6249
6963
1224
2449
144
1424
5638
3505
5684
7896
5928
155
4076
1999
4305
352
4323
626
1961
3388
1987
7214
7316
2731
2896
3719
980
4559
6691
2570
288
7601
4523
7969
4952
4177
6343
322
3451
6948
5911
2960
87
1284
1938
2527
1989
3265
4839
3332
1789
3633
3155
1913
6264
509
5751
1970
6224
6570
1929
4564
7862
6733
3107
4354
5998
2573
6079
7193
7019
6828
6867
2175
485
252
5122
2984
2258
7849
4433
6784
1502
5992
5205
4202
7078
2345
4327
1249
513
1740
5272
7543
7874
4308
2287
6505
1209
1336
1856
2183
6215
3824
7091
6974
407
6059
874
1434
5010
7919
882
7537
2130
7260
6279
3682
3775
405
1414
1566
7446
1015
4258
6619
124
5878
3741
1090
2249
5877
9
220
4802
2046
4321
7950
3068
3656
3019
6003
689
7014
1609
7115
6736
5026
1076
4368
5040
7981
6994
3439
7407
433
1402
1406
2484
3333
803
4031
820
5230
2730
1798
2959
1646
76
2152
343
1941
2688
1931
1060
1424
6593
6142
1915
1693
326
1103
2082
41
4342
1010
6534
3278
3266
4935
4309
1771
191
4415
622
4404
5202
1532
3776
3161
700
1037
2112
7790
976
1972
7939
3104
7821
1364
3374
1244
351
7950
2906
5403
5665
3423
3962
3352
6668
4217
1330
439
5030
5254
7048
7223
6667
4113
590
778
7995
4731
6371
2360
3909
7184
2692
2549
5543
7550
7997
7481
2271
5128
6319
2871
6741
6599
5053
98
2288
5977
1588
1116
756
898
6727
830
2827
1311
7767
2895
4663
6889
4859
4390
4996
4462
214
6860
5451
3575
4213
6627
5555
4441
7276
5525
386
2056
6077
3232
3281
3041
1451
2243
2507
6380
7638
2827
617
6050
295
5339
772
3841
5171
3964
6272
6905
11
5557
3525
7026
2702
4677
5288
5296
6752
4519
4529
4384
5631
7653
1118
1061
1584
4164
510
6927
2349
6424
828
1963
3432
3212
6975
3186
2000
7250
2510
770
5147
4468
2953
3575
934
5856
1208
7654
5989
235
4559
6740
7235
4306
6350
7771
488
2441
3287
5762
3208
3801
3198
5334
229
511
4309
1253
2749
7723
3759
6423
3930
4175
4718
4163
6862
3221
4846
4803
7519
7340
4637
1695
6338
7132
2984
5866
5827
4637
7246
7662
6407
1117
1443
3140
6040
7696
1968
304
1701
1852
7514
3066
5102
6251
2022
1789
2788
2700
910
2030
2648
2076
6024
5084
7592
396
6391
3953
5760
742
4323
5001
4016
3304
7005
1166
7710
4170
151
5874
7093
5772
1974
3687
2108
2220
4434
2258
4182
3489
7791
5479
7801
1309
4172
